$ANSIBLE_VAULT;1.1;AES256
62326537623036643836666133633561666638663639646637663539386137373431373166343831
3761373534373134656163343066353339373737313438650a323464643134373365343232383330
36613235303130313638616630346636346331386466363662336638343665366135613033376261
3331343530636335320a613265346161333261376264346634333234366139653964356630363936
33653432323931306264323930376563396362313562346332316632303230386164303331646133
62613566346236346330633531376136306262613966313462363939396236623234396339303664
65653536663133333330336261653532646130663566323432336631396139303034633930653635
64643762316438373436373465306136623837303666326331626538336333666638626538663037
66666631633764346237653063633061643864333933323537623634343631376334386365313031
65316564613936333233663238356162323637313437656461636338666230343030643965343063
39666637663936383362386361303637313632643764323532346535633339643633363337323333
34376130326530376564376432626633346436313433303533366333613665396433666633366336
6330
